,mouth
0,0
1,0
2,0.5
3,0
4,1
5,1
6,0
7,1
8,1
9,0
10,1
11,0.5
12,0
13,0
14,1
15,0
16,0.5
17,0
18,1
19,1
20,1
21,1
22,0.5
23,1
24,1
25,0
26,1
27,0
28,1
29,0
30,0
31,0.5
32,1
33,0
34,1
35,0
36,1
37,1
38,0
39,0.5
40,1
41,0
42,0
43,1
44,1
45,1
46,0
47,0
48,1
49,0.5
50,1
51,1
52,1
53,1
54,0
55,0
56,1
57,1
58,1
59,1
60,1
61,1
62,0.5
63,0.5
64,1
65,1
66,0
67,0
68,1
69,1
70,1
71,1
72,1
73,1
74,0.5
75,1
76,1
77,0.5
78,0
79,0
80,1
81,1
82,1
83,0.5
84,0
85,0
86,1
87,1
88,0
89,1
90,0
91,1
92,0.5
93,1
94,0
95,1
96,1
97,0
98,1
99,0
100,0
101,1
102,1
103,1
104,0
105,1
106,1
107,0
108,1
109,1
110,1
111,0
112,1
113,1
114,1
115,1
116,0.5
117,0
118,1
119,1
120,1
121,1
122,1
123,1
124,0
125,0.5
126,0.5
127,1
128,1
129,0.5
130,0
131,0
132,0.5
133,0
134,1
135,1
136,1
137,0
138,0.5
139,1
140,0
141,0.5
142,1
143,1
144,0
145,1
146,1
147,1
148,0
149,1
150,1
151,1
152,0.5
153,1
154,0
155,1
156,1
157,0
158,0
159,1
160,1
161,0
162,1
163,0
164,0
165,1
166,1
167,1
168,0
169,1
170,0
171,1
172,0
173,1
174,0
175,1
176,1
177,0.5
178,1
179,0.5
180,1
181,1
182,1
183,0
184,1
185,0.5
186,0
187,0
188,0.5
189,0.5
190,1
191,1
192,1
193,0.5
194,1
195,1
196,1
197,1
198,1
199,1
200,1
201,0
202,1
203,1
204,1
205,1
206,1
207,1
208,1
209,1
210,0.5
211,1
212,0
213,1
214,1
215,0
216,1
217,1
218,0
219,0.5
220,0
221,0
222,0
223,0.5
224,1
225,1
226,0
227,1
228,1
229,0.5
230,1
231,1
232,0
233,1
234,1
235,0
236,1
237,1
238,1
239,1
240,1
241,1
242,1
243,1
244,0
245,0.5
246,1
247,1
248,0
249,1
250,1
251,0.5
252,1
253,0.5
254,1
255,0
256,1
257,0
258,0
259,0.5
260,1
261,1
262,1
263,0
264,1
265,0.5
266,1
267,1
268,0
269,1
270,1
271,1
272,1
273,1
274,1
275,0
276,0
277,0
278,1
279,0
280,0
281,0
282,0.5
283,0.5
284,1
285,1
286,0.5
287,0.5
288,1
289,0
290,0
291,0.5
292,1
293,1
294,1
295,1
296,1
297,1
298,0
299,0.5
300,0
301,1
302,0
303,1
304,0
305,0
306,0
307,0
308,1
309,0
310,0
311,1
312,0
313,0
314,1
315,1
316,0
317,1
318,0
319,1
320,1
321,0
322,1
323,0.5
324,0
325,1
326,1
327,1
328,1
329,1
330,1
331,1
332,1
333,1
334,1
335,0
336,0
337,1
338,1
339,1
340,1
341,0.5
342,0
343,1
344,1
345,0
346,0
347,0.5
348,1
349,0.5
350,1
351,1
352,0
353,1
354,0
355,0.5
356,0
357,1
358,0
359,1
360,0
361,1
362,0
363,0.5
364,1
365,1
366,0.5
367,1
368,0
369,0
370,1
371,1
372,1
373,0.5
374,0
375,0
376,0.5
377,1
378,1
379,0
380,1
381,1
382,1
383,1
384,0.5
385,1
386,1
387,0.5
388,1
389,0.5
390,1
391,0
392,0.5
393,1
394,0
395,1
396,0
397,1
398,1
399,1
400,0
401,1
402,1
403,1
404,0.5
405,1
406,1
407,1
408,0
409,1
410,1
411,0
412,0
413,1
414,1
415,0
416,1
417,0
418,1
419,0
420,1
421,1
422,0
423,0
424,1
425,0
426,0.5
427,1
428,1
429,1
430,0
431,1
432,0
433,1
434,1
435,0.5
436,1
437,1
438,1
439,0
440,0.5
441,0
442,1
443,0
444,0.5
445,1
446,1
447,0
448,0
449,1
450,1
451,1
452,1
453,0.5
454,1
455,0.5
456,0
457,0
458,1
459,1
460,1
461,1
462,1
463,0
464,1
465,0.5
466,1
467,0
468,0.5
469,1
470,1
471,0
472,1
473,1
474,0.5
475,0.5
476,1
477,1
478,1
479,1
480,0
481,1
482,0.5
483,1
484,0.5
485,1
486,0
487,1
488,1
489,1
490,1
491,0.5
492,0
493,0.5
494,0
495,1
496,0
497,0
498,1
499,1
500,1
501,1
502,0
503,1
504,1
505,0
506,0
507,1
508,1
509,1
510,0.5
511,0
512,0
513,1
514,1
515,1
516,1
517,0
518,1
519,0
520,1
521,1
522,1
523,1
524,0.5
525,1
526,1
527,0
528,1
529,0.5
530,1
531,0.5
532,1
533,0
534,0
535,1
536,1
537,1
538,1
539,0
540,1
541,0.5
542,1
543,1
544,1
545,0
546,0
547,0.5
548,0
549,1
550,0
551,0
552,0.5
553,0.5
554,1
555,1
556,0.5
557,0
558,1
559,0
560,1
561,1
562,1
563,0.5
564,0
565,1
566,0
567,0.5
568,0
569,1
570,0
571,1
572,0.5
573,1
574,1
575,0
576,1
577,0.5
578,0
579,1
580,1
581,0
582,0
583,1
584,0
585,0
586,1
587,0
588,1
589,0
590,1
591,0.5
592,1
593,0
594,1
595,0.5
596,1
597,1
598,1
599,0.5
600,0.5
601,1
602,1
603,1
604,0
605,0
606,1
607,0.5
608,0
609,1
610,1
611,1
612,1
613,1
614,0.5
615,1
616,0
617,0
618,0
619,1
620,0.5
621,1
622,0.5
623,0
624,1
625,1
626,0
627,1
628,1
629,1
630,0
631,0.5
632,0
633,0
634,0
635,0.5
636,0
637,0.5
638,0
639,1
640,0.5
641,0
642,1
643,1
644,1
645,1
646,1
647,0.5
648,1
649,1
650,1
651,1
652,0.5
653,0
654,1
655,0
656,1
657,1
658,1
659,0
660,0
661,1
662,1
663,0
664,1
665,1
666,1
667,1
668,1
669,1
670,1
671,0
672,1
673,0
674,0.5
675,1
676,1
677,1
678,1
679,0
680,1
681,0
682,1
683,0.5
684,1
685,0
686,0
687,0
688,1
689,0
690,1
691,1
692,0
693,0
694,1
695,1
696,1
697,0
698,1
699,1
700,1
701,0.5
702,0
703,0.5
704,1
705,0
706,0
707,1
708,1
709,1
710,0
711,0.5
712,0
713,0
714,1
715,0
716,1
717,0.5
718,1
719,1
720,1
721,0
722,0
723,1
724,1
725,1
726,0
727,1
728,0
729,1
730,0
731,0
732,1
733,0
734,0
735,1
736,1
737,0
738,0
739,0.5
740,1
741,0
742,1
743,1
744,0.5
745,0
746,1
747,1
748,0
749,0
750,1
751,0
752,0
753,0.5
754,1
755,1
756,1
757,1
758,1
759,0
760,1
761,0
762,0
763,0.5
764,0
765,1
766,1
767,1
768,1
769,1
770,1
771,0.5
772,1
773,0
774,1
775,0
776,1
777,0
778,1
779,1
780,1
781,0
782,1
783,0
784,1
785,1
786,0.5
787,1
788,0
789,1
790,1
791,0
792,0
793,1
794,1
795,0.5
796,1
797,0
798,0
799,1
800,1
801,1
802,0.5
803,1
804,0.5
805,1
806,1
807,1
808,1
809,1
810,0
811,1
812,1
813,1
814,0
815,0
816,0
817,0
818,1
819,0.5
820,0
821,1
822,1
823,1
824,1
825,0
826,1
827,1
828,0.5
829,0.5
830,1
831,1
832,1
833,0.5
834,1
835,1
836,1
837,0.5
838,1
839,1
840,0
841,1
842,1
843,0
844,0
845,1
846,1
847,0
848,1
849,0
850,0
851,1
852,0
853,1
854,0.5
855,1
856,1
857,1
858,1
859,0
860,0
861,1
862,1
863,0
864,1
865,0
866,0
867,1
868,1
869,0
870,1
871,0
872,1
873,1
874,0
875,0.5
876,1
877,1
878,0
879,0.5
880,1
881,1
882,0
883,0
884,0
885,1
886,1
887,0.5
888,1
889,0.5
890,0
891,0
892,1
893,0.5
894,0
895,1
896,0
897,1
898,1
899,0
900,1
901,1
902,1
903,1
904,0
905,1
906,0
907,1
908,0
909,0.5
910,0.5
911,0
912,1
913,1
914,0.5
915,1
916,0
917,0
918,0
919,0
920,1
921,1
922,1
923,1
924,0
925,0.5
926,0.5
927,0.5
928,1
929,0
930,0
931,1
932,1
933,1
934,1
935,0
936,1
937,1
938,1
939,0
940,1
941,0
942,0
943,1
944,1
945,1
946,0
947,1
948,1
949,0
950,0
951,1
952,1
953,0
954,1
955,0
956,1
957,1
958,1
959,1
960,0
961,1
962,0
963,1
964,0
965,0
966,0
967,0
968,0
969,0
970,0.5
971,0.5
972,1
973,0
974,0.5
975,1
976,1
977,1
978,0
979,1
980,0
981,0
982,1
983,1
984,1
985,0.5
986,1
987,1
988,0
989,0.5
990,1
991,1
992,1
993,0
994,0
995,1
996,0
997,1
998,0.5
999,0
